1 1
2 1
3 0
4 0
5 0
6 0
7 0
8 1
9 0
10 0
11 0
12 1
13 1
14 1
15 0
16 0
17 1
18 0
19 1
20 0
21 0
22 0
23 1
24 1
25 1
26 1
27 1
28 0
29 0
30 0
31 1
32 1
33 1
34 1
35 0
36 0
37 0
38 0
39 0
40 1
41 0
42 0
43 1
44 0
45 1
46 1
46 1
47 1
48 1
49 1
50 0
51 1
52 1
53 1
54 1
55 0
56 1
57 1
58 0
59 1
60 0
61 0
62 1
63 1
64 1
65 1
66 1
67 1
68 0
69 1
70 1
71 1
72 1
73 1
74 1
75 1
76 0
77 0
78 1
79 0
80 1
81 0
82 1
83 1
84 1
85 1
86 1
87 1
88 1
89 1
90 0
91 0
92 1
93 0
94 1
95 1
96 1
97 1
98 1
99 1
100 0
101 0
102 0
103 0
104 0
105 1
106 1
107 0
108 0
109 0
110 0
111 0
112 0
113 0
114 0
115 1
116 0
117 0
118 0
119 0
120 0
121 0
122 0
123 1
124 1
125 0
126 0
127 0
128 0
129 0
130 0
131 0
132 0
133 0
134 0
135 0
136 0
137 1
138 0
139 1
140 1
141 1
142 0
143 1
144 0
145 0
146 1
147 0
148 0
149 0
150 0
151 0
152 0
153 0
154 0
155 0
156 0
157 0
158 0
159 0
160 0
161 0
162 0
163 0
164 1
165 0
166 0
167 0
168 0
169 1
170 0
171 0
172 0
173 0
174 0
175 0
176 0
177 0
178 0
179 0
180 0
181 0
182 0
183 1
184 0
185 0
186 1
187 0
188 0
189 0
190 1
191 0
192 0
193 0
194 0
195 0
196 1
197 0
198 0
199 1
200 0
201 1
202 1
203 1
204 0
205 1
206 0
207 0
208 1
209 1
210 0
211 1
212 1
213 1
214 0
215 1
216 1
217 1
218 1
219 1
220 1
221 1
222 1
223 1
224 0
225 1
226 1
227 0
228 1
229 1
230 1
231 1
232 1
233 1
234 1
235 1
236 0
237 1
238 0
239 1
240 0
241 0
242 1
243 1
244 0
245 1
246 1
247 0
248 1
249 1
250 0
251 0
252 0
253 0
254 0
255 1
256 0
257 0
258 0
259 0
260 0
261 1
262 0
263 0
264 0
265 0
266 0
267 1
268 1
269 0
270 0
271 0
272 0
273 0
274 0
275 0
276 0
277 0
278 0
279 0
280 0
281 0
282 0
283 0
284 0
285 0
286 0
287 0
288 0
289 0
290 0
291 0
292 0
293 0
294 0
295 0
296 0
297 0
298 0
299 1
300 1
301 0
302 0
303 1
